num_epochs=10
max_epochs=10
net_type=8214032
num_layers=3
n_layer_0=2
n_layer_1=2
n_layer_2=1
l_rate=0.9
momentum=0.9
desired_acc=95
tset_acc=0
gset_acc=0
vset_acc=0
tset_mse=0.16148
gset_mse=0
vset_mse=0
weights_ih=0.0585044,-1.51979,-0.152488,-0.993441,-0.0502681,0.382555
weights_ho=0.0835179,-1.98364,-0.558104