num_epochs=10
max_epochs=10
net_type=8222224
num_layers=3
n_layer_0=2
n_layer_1=2
n_layer_2=1
l_rate=0.9
momentum=0.9
desired_acc=95
tset_acc=0
gset_acc=0
vset_acc=0
tset_mse=0.138477
gset_mse=0
vset_mse=0
weights_ih=-1.19175,0.728934,-1.74636,-0.0801443,1.01738,-0.680357
weights_ho=-2.54409,0.572721,-0.416339