num_epochs=50
max_epochs=50
net_type=8193544
num_layers=3
n_layer_0=2
n_layer_1=2
n_layer_2=1
l_rate=0.9
momentum=0.9
desired_acc=95
tset_acc=75
gset_acc=0
vset_acc=0
tset_mse=0.00459669
gset_mse=0
vset_mse=0
weights_ih=(-0.13714,-3.45433,-1.30511,-3.36983,-0.603666,4.61526)
weights_ho=(-0.711889,-7.2319,2.97141)